
%% PLS initial setup
H=100;
V=10;
T=180;


% UAV starting and ending points
x0=600; %100;%200; % 100 200                                                                                                                                                                                                                                                                                                                                                                                                                                                                                                                                                                                                                                                                                                                                                                                                                                                                                                                  
y0=600; %40; % 20 40
x1=-600; %50; %40;%0;
y1=600; %100;


% BOB and Eve
xb=200 ; yb=0;
xe=0 ; ye=0;

H=100;
snr0=10^8;
Pmax=0.1; %0.1;
E=5;
error_E=10e-3;
% time
t=0;